
Call:
MCA(X = caza, quanti.sup = c(7, 8, 9, 10, 11), quali.sup = c(4,  
     6, 14), graph = FALSE) 


Eigenvalues
                       Dim.1   Dim.2   Dim.3   Dim.4   Dim.5   Dim.6   Dim.7   Dim.8   Dim.9  Dim.10  Dim.11  Dim.12  Dim.13  Dim.14  Dim.15  Dim.16  Dim.17  Dim.18  Dim.19  Dim.20  Dim.21  Dim.22  Dim.23  Dim.24  Dim.25  Dim.26  Dim.27  Dim.28  Dim.29  Dim.30  Dim.31  Dim.32  Dim.33  Dim.34  Dim.35  Dim.36 
Variance               0.493   0.262   0.240   0.229   0.209   0.191   0.181   0.172   0.164   0.160   0.153   0.144   0.142   0.130   0.129   0.125   0.122   0.116   0.112   0.104   0.095   0.090   0.085   0.084   0.073   0.071   0.066   0.062   0.058   0.051   0.049   0.047   0.034   0.032   0.021   0.009 
% of var.             10.945   5.820   5.332   5.079   4.639   4.244   4.014   3.820   3.642   3.545   3.389   3.203   3.159   2.895   2.867   2.778   2.707   2.583   2.493   2.304   2.108   1.996   1.879   1.857   1.617   1.573   1.468   1.375   1.292   1.126   1.091   1.035   0.753   0.712   0.461   0.199 
Cumulative % of var.  10.945  16.765  22.097  27.175  31.814  36.059  40.072  43.892  47.534  51.079  54.469  57.671  60.830  63.725  66.592  69.370  72.077  74.660  77.153  79.457  81.566  83.562  85.441  87.297  88.914  90.488  91.955  93.331  94.623  95.748  96.839  97.874  98.627  99.339  99.801 100.000 

Individuals (the 10 first)
                                   Dim.1    ctr   cos2    Dim.2    ctr   cos2    Dim.3    ctr   cos2   
1                               | -0.827  0.914  0.100 | -0.883  1.960  0.114 |  0.095  0.025  0.001 | 
2                               | -0.736  0.724  0.112 | -1.170  3.440  0.284 |  0.013  0.000  0.000 | 
3                               | -0.526  0.369  0.139 |  0.011  0.000  0.000 | -0.064  0.011  0.002 | 
4                               | -0.526  0.369  0.139 |  0.011  0.000  0.000 | -0.064  0.011  0.002 | 
5                               | -0.697  0.650  0.044 | -0.584  0.858  0.031 | -0.131  0.047  0.002 | 
6                               |  0.711  0.675  0.225 | -0.190  0.091  0.016 | -0.270  0.200  0.032 | 
7                               | -0.646  0.557  0.121 | -0.083  0.017  0.002 | -0.070  0.013  0.001 | 
8                               |  0.730  0.712  0.290 | -0.102  0.026  0.006 | -0.447  0.547  0.109 | 
9                               | -0.262  0.092  0.028 | -0.269  0.181  0.029 | -0.104  0.030  0.004 | 
10                              | -0.245  0.080  0.023 |  0.138  0.048  0.007 | -0.129  0.046  0.007 | 

Categories (the 10 first)
                                   Dim.1    ctr   cos2 v.test    Dim.2    ctr   cos2 v.test    Dim.3    ctr   cos2 v.test   
MOVILIDAD_                      | -0.331  1.484  0.125 -4.347 |  0.161  0.662  0.030  2.118 | -0.267  1.980  0.081 -3.505 | 
MOVILIDAD_AUTOMOVIL             | -0.297  0.073  0.003 -0.672 |  2.555 10.251  0.222  5.791 |  1.180  2.387  0.047  2.675 | 
MOVILIDAD_CAMIONETA             | -0.460  0.106  0.004 -0.802 |  1.318  1.635  0.035  2.297 | -2.205  5.002  0.098 -3.846 | 
MOVILIDAD_EMBARCACIONES S/MOTOR |  0.938  5.734  0.304  6.774 |  0.104  0.132  0.004  0.750 |  0.151  0.304  0.008  1.089 | 
MOVILIDAD_LANCHA                |  0.638  0.612  0.026  1.968 | -1.160  3.804  0.085 -3.577 |  2.016 12.534  0.256  6.214 | 
MOVILIDAD_MOTOCICLETA           | -0.843  1.781  0.078 -3.428 | -1.561 11.474  0.267 -6.346 | -0.112  0.065  0.001 -0.456 | 
1 MIEMBRO                       | -0.175  0.184  0.010 -1.199 |  0.062  0.043  0.001  0.424 | -0.677  5.663  0.142 -4.638 | 
2 MIEMBROS                      | -0.135  0.146  0.008 -1.129 | -0.735  8.133  0.249 -6.132 | -0.254  1.060  0.030 -2.119 | 
3 MIEMBROS                      |  0.193  0.249  0.013  1.417 | -0.012  0.002  0.000 -0.090 |  0.688  6.498  0.169  5.056 | 
4 MIEMBROS                      |  0.181  0.154  0.007  1.058 |  1.197 12.596  0.324  6.989 |  0.323  1.000  0.024  1.884 | 

Categorical variables (eta2)
                                  Dim.1 Dim.2 Dim.3   
MOVILIDAD                       | 0.386 0.586 0.427 | 
MIEMBROS                        | 0.029 0.435 0.273 | 
DECOMISO                        | 0.028 0.328 0.000 | 
OBRA.SOCIAL                     | 0.747 0.053 0.175 | 
RAMA                            | 0.715 0.169 0.280 | 
BENEFICIOS                      | 0.795 0.027 0.029 | 
DEPARTAMENTO                    | 0.554 0.459 0.586 | 
EDAD                            | 0.686 0.037 0.149 | 

Supplementary categories (the 10 first)
                                   Dim.1   cos2 v.test    Dim.2   cos2 v.test    Dim.3   cos2 v.test   
GENERO_                         |  1.694  0.078  3.423 | -0.221  0.001 -0.447 |  0.335  0.003  0.676 | 
GENERO_MUJER                    |  0.600  0.015  1.494 | -0.066  0.000 -0.164 | -0.009  0.000 -0.023 | 
GENERO_VARÓN                    | -0.073  0.076 -3.383 |  0.009  0.001  0.418 | -0.009  0.001 -0.418 | 
CREDITO_                        |  0.036  0.014  1.456 | -0.122  0.160 -4.913 | -0.004  0.000 -0.154 | 
CREDITO_FUERA DE RIESGO         | -0.383  0.008 -1.109 |  1.262  0.088  3.654 | -0.148  0.001 -0.430 | 
CREDITO_SITUACION 2 O 3         | -0.232  0.000 -0.232 |  0.983  0.006  0.983 | -0.104  0.000 -0.104 | 
CREDITO_SITUACIÓN 4 O 5         | -0.436  0.005 -0.880 |  1.480  0.059  2.990 |  0.456  0.006  0.921 | 
MUNICIPIO_                      |  0.440  0.028  2.044 |  0.499  0.036  2.317 |  1.509  0.325  7.007 | 
MUNICIPIO_ARISTÓBULO DEL VALLE  |  1.150  0.009  1.150 | -0.474  0.001 -0.474 | -1.654  0.018 -1.654 | 
MUNICIPIO_BERNARDO DE IRIGOYEN  | -0.567  0.016 -1.531 |  1.049  0.053  2.833 | -0.225  0.002 -0.607 | 

Supplementary categorical variables (eta2)
                                  Dim.1 Dim.2 Dim.3   
GENERO                          | 0.095 0.002 0.003 | 
CREDITO                         | 0.014 0.161 0.007 | 
MUNICIPIO                       | 0.606 0.533 0.654 | 

Supplementary continuous variables
                                   Dim.1    Dim.2    Dim.3   
RIFLES                          | -0.055 |  0.312 |  0.053 | 
ESCOPETA                        | -0.294 | -0.310 | -0.150 | 
MACHETES                        | -0.186 |  0.000 |  0.078 | 
CUCHILLOS                       | -0.026 |  0.073 | -0.059 | 
OAD_FUEGO                       | -0.114 | -0.162 | -0.063 | 
